134   288   289
135   292   288
136   296   292
137   295   296
138   293   299
139   299   303
140   345   346
141   297   298
142   298   291
143   285   289
144   289   290
145   290   345
146   289   291
147   291   300
148   290   300
149   300   304
150   326   328
151   346   347
152   347   348
153   348   350
154   350   349
155   342   343
156   341   338
157   287   286
158   286   285
159   289   351
160 10015   308
161   354   284
163   287   288
164   340   364
165 10015   371
166   300   302
167   302   344
169   289   347
172   300   308
173   303   304
175   304   305
177 10013 10014
178 10014   334
179   325   361
180   334   339
181   332   333
182   333   335
183   309   310
184   310   314
185   309   311
186   314   316
187   311   363
188   310   363
189   363   316
190   311   362
191   362   313
192   316   317
193   363   381
194   353   845
195   342   341
196   364   341
197   339   364
198   364   365
199   365   337
200   337   338
201   337   336
202   365   366
203   366   336
204   336   335
205   334   367
206   367   366
208   352   333
210   352   353
211   335   353
212   342   345
213   344   345
214   362 10013
215   317   312
216   317   318
217   318   324
218   329   320
219   285   284
220   294   369
221   293   369
222   369   295
223   294   295
224   296   297
225   361   372
226   382   376
227   297   370
228   370   301
229   370   303
230   301   300
231   304   307
232   371   309
233   308   371
234   306   372
235   372 10015
236   325   308
237   373   310
238 10012   326
239   374   371
240   374   373
241   305   372
242   316   375
243   314   375
244   315   314
245   375   318
246   326   327
247   320   321
248   321   322
249   327   329
250   329   330
251   319   320
252   376   319
253   331   328
254   312   376
255   331   352
256   367   332
257   377 10012
258   381   382
259   313   378
260   378   377
261   378   332
263   325   379
264   379 10017
265 10017   373
266   312   382
267   312   381
268   343   966
269   349  1561
270   381   313
271   351  1557
274   324 10011
275   320  1178
276   320   380
277   327   832
278   328   838
279   846   335
280   840   338
281   332   840
282   322  1178
283   380   330
284   380   831
449   846 10009
450  1177   829
451   830   826
452   826   835
453   830   831
454   831   832
455   832   826
456 10006  1177
457   826   827
458   825   968
459   827   828
460   835   828
461   944   828
462   829   944
463   835   822
464   822   821
465   822   851
466   834   822
467   838   834
468   838   833
469   833   822
470   833   832
471   822   828
472   828   945
473   836   945
474   825   823
475   945   946
476   823   946
477   821   946
478   836   822
479   823   824
480   821   820
481   820   818
482   851   849
483   849   847
484   847   843
485   847   850
486   850   853
487   850   852
488   852   853
489   853   820
490   853   854
491   854   818
492   844   852
493   838   839
494   845   838
495   845   947
496   947   847
497   848   947
498   845   846
499   846   842
500   842   843
501   843   844
502   844   819
503   819   949
504   949   817
505   817   948
506   948   809
507   809   950
508   950   810
509   810   800
510   800   801
511   950   808
512   808   805
513   951   809
514   951   813
515   813   812
516   812   807
517   815   813
518   814   951
519   815   814
520   819   818
521   816   814
522   816   809
523   807   811
524   805   803
525   803   804
526   806   805
527   806   803
528   806   807
529   802   800
530   800   952
531   810   952
532   799   952
533   891   892
534   892   953
535   875   817
536   891   948
537   855   949
538   887   953
539   953   810
540   887   799
541   799   797
542   797   798
543   798   795
544   797   796
545   893   887
546   893   799
547   889   887
548   889   891
549   794   798
550   794   795
551   876   875
552   875   855
553   865   856
554   856   855
555   859   841
556   841   954
557   840   842
558   842   954
559   954   942
560   942   844
561   954   857
562   954   858
563   858   857
564   805   955
565   808   956
566   956   802
567   956   955
568   840   841
569   827   944
570   944   825
571   949   816
572   857   856
573   767   768
574   766   925
575   925   767
576   766   921
577   921   958
578   958   919
579   919   908
580   766   923
581   920   917
582   768   769
583   769   926
584   926   915
585   958   922
586   959   960
587   961   960
588   349   961
589   960   963
590   963   766
591   923   964
592   964   920
593   922   919
594   921   964
595   925   927
596   927   924
597   767   928
598   928   926
599   769   957
600   769   930
601   930   929
602   929   915
603   917   918
604   924   886
605   919   909
606   908   913
607   909   914
608   914   916
609   916   903
610   916   883
611   908   907
612   907   906
613   906   904
614   904   866
615   905   906
616   907   910
617   910   861
618   866   867
619   867   861
620   861   903
621   907   912
622   912   913
623   912   911
624   911   903
625   903   965
626   965   883
627   965   902
628   902   943
629   915   886
630   886   884
631   883   884
632   917   883
633   884   885
634   883   881
635   884   880
636   881   880
637   885   880
638   861   874
639   861   868
640   867   862
641   862   868
642   874   943
643   943   873
644   868   863
645   863   864
646   864   869
647   869   865
648   859   864
649   864   873
650   873   901
651   901   882
652   881   882
653   882   880
654   880   879
655   881   878
656   878   877
657   877   876
658   841   879
659   879   899
660   862   860
661   866   966
662   966   860
663   860   859
664   859   865
665   873   872
666   872   871
667   871   870
668   870   855
669   901   871
670   899   898
671   898   877
672   900   899
673   770   771
674   771   772
675   772   931
676   934   776
677   774   775
678   773   775
679   775   786
680   786   784
681   785   780
682   780   781
683   781   783
684   783   782
685   782   941
686   941   784
687   779   778
688   778   773
689   957   772
690   771   777
691   772   777
692   777   778
693   777   779
694   786   787
695   788   787
696   934   933
697   933   773
698   932   933
699   929   776
700   776   886
701   774   935
702   935   885
703   784   789
704   789   790
705   775   879
706   935   936
707   936   937
708   937   897
709   897   896
710   897   900
711   885   897
712   786   938
713   938   939
714   939   940
715   940   896
716   790   791
717   791   792
718   790   895
719   899   894
720   894   889
721   894   888
722   888   889
723   888   893
724   888   890
725   895   890
726   890   797
727   792   793
728   793   794
729   896   888
730   778   788
731   931   967
732   967   934
733   967   932
734   773   774
735   776   774
736   906   910
737   913   909
738 10006   827
741   795  2528
747   811  1197
758  1843   770
763   782  2398
764   341   860
765   784  2424
766   968   837
995  1244 10005
996  1194  1231
997  1231  1230
998  1230  1236
999  1236  1188
1000  1188  1182
1001  1262  1240
1002  1262  1182
1004  1181  1240
1005  1181  1261
1006  1261  1262
1007  1261  1182
1009  1239  1235
1011  1241  1183
1012  1183  1240
1013  1181  1183
1014  1184  1181
1015  1241  1266
1016  1241  1239
1017  1251  1245
1019  1188  1251
1020  1235  1234
1021  1234  1233
1022  1233  1225
1023  1203  1225
1024  1194  1192
1025  1261   825
1026  1186   968
1027  1186   837
1028  1186  1187
1029  1246   837
1030  1246  1187
1031  1187  1188
1033  1234  1232
1034  1232  1233
1036  1237  1253
1037  1232  1238
1038  1253  1238
1039  1229  1238
1040  1229  1231
1041  1269  1229
1042  1236  1237
1043  1269  1253
1044  1269  1237
1045  1251  1237
1048  1248  1236
1050  1189  1248
1051  1187  1189
1052  1247  1189
1054  1246  1247
1055  1191  1273
1056  1249  1190
1057  1190  1230
1058  1249  1273
1059  1192  1273
1061  1273  1195
1062  1273  1196
1063  1196  1250
1064  1250  1197
1065  1250  1274
1066  1274  1197
1067  1197  1198
1068  1198  1199
1069  1199  1205
1070  1205  1275
1071  1199  1275
1072  1204   804
1073  1195  1196
1076  1228  1230
1077  1279  1273
1078  1200  1199
1079  1273  1200
1080  1202  1201
1081  1202  1227
1082  1227  1206
1083  1226  1206
1084  1194  1279
1085  1279  1193
1086  1273  1193
1087  1193  1278
1088  1193  1201
1089  1201  1206
1090  1181  1185
1091  1185  1261
1092  1193  1280
1093  1280  1202
1094  1279  1280
1095  1226  1277
1096  1227  1277
1097  1205  1254
1098  1254  1206
1099  1225  1223
1100  1224  1223
1101  1223  1222
1102  1222  1220
1103  1220  1256
1104  1256  1257
1105  1222  1218
1106  1218  1219
1107  1218  1256
1108  1218  1257
1109  1256  1221
1110  1220  1255
1111  1224  1255
1112  1281  1224
1113  1281  1277
1114  1225  1281
1115  1255  1221
1116  1255  1282
1117  1282  1221
1118  1282  1209
1119  1209  1208
1120  1208  1211
1121  1206  1209
1122  1207  1208
1123  1254  1207
1124  1201  1199
1125  1257  1217
1126  1217  1258
1127  1258  1216
1128  1216  1215
1129  1208  1258
1130  1221  1217
1131  1215  1213
1132  1214  1283
1133  1211  1283
1135  1210  1211
1138  1233  1203
1139  1244  1225
1141  1247  1249
1143  1207  1288
1144  1288  1210
1145  1178  1180
1147  1178   830
1150  1180  1183
1151  1249  1191
1152  1204  1275
1156  1283  1213
1157  1286  1194
1158  1203  1286
1159   829  1184
1160  1184  1180
1161  1182  1245
1162  1245  1239
1166  1243  1244
1167  1184  1177
1168  1203  1202
1169  1241  1240
1170  1201  1200
1171  1230  1192
1172  1286  1229
1174  1215  1284
1175  1269  1228
1326  1533  1532
1329  1532  1534
1330  1532  1530
1334  1527  1526
1335  1528  1527
1338  1532  1535
1343  1535  1538
1344  1538  1539
1348  1551  1547
1350  1547  1552
1352  1547  1546
1354  1546  1545
1359  1545  1555
1363  1555  1542
1366  1542  1564
1370  1564  1563
1371  1539  1545
1375  1534  1569
1376  1569  1551
1377  1555  1554
1382  1554  1556
1387  1547  1572
1388  1552  1558
1392  1546  1553
1395  1553  1548
1397  1548  1560
1402  1560  1557
1405  1557  1556
1408  1554  1562
1410  1556  1561
1412  1561  1562
1418  1532  1527
1420  1528  1529
1422  1529  1530
1425  1523  1524
1426  1523  1567
1427  1567  1531
1429  1544  1569
1432  1535  1536
1433  1536  1537
1435  1537  1541
1437  1541  1542
1441  1545  1566
1443  1566  1554
1444  1566  1553
1449  1558  1570
1452   282   284
1453   284  1560
1454  1544  1543
1455  1543  1545
1456  1544  1539
1458  1539  1540
1460  1540  1541
1462  1571  1564
1464  1571  1565
1466  1530  1531
1468  1526 10008
1469  1531  1522
1470  1525  1523
1471  1525  1526
1472  1525 10008
1473  1551  1550
1474  1550  1572
1476  1570  1548
1478  1559  1570
1479  1559   282
1505  1549  1552
1508  1552   290
1509   285   282
1510  1549  1572
1511   282  1558
1623  1785  1786
1624  1786  1828
1625  1786  1787
1626  1787  1854
1627  1784  1780
1628  1822  1824
1629  1787  1848
1630  1848  1822
1631  1848  1825
1632  1826  1825
1633  1826  1822
1634  1827  1826
1636  1824  1819
1637  1819  1787
1638  1819  1823
1639  1823  1824
1640  1819  1831
1641 10007  1831
1642  1831  1833
1643  1833  1832
1645  1819  1818
1646  1818  1817
1647  1817  1819
1648  1819  1820
1649  1818  1814
1650  1814  1816
1651  1816  1815
1652  1815  1849
1653  1849  1812
1654  1816  1820
1655  1849  1820
1656  1812  1821
1657  1812  1811
1658  1812  1809
1659  1809  1810
1660  1810  1811
1661  1810  1789
1662  1813  1789
1663  1813  1811
1664  1813  1821
1665  1780  1813
1666  1789  1788
1667  1788  1780
1668  1814  1834
1669  1834   959
1670  1835   768
1671  1835  1837
1672  1836   768
1673  1837  1840
1674  1838  1840
1675  1840  1839
1676  1839  1793
1677  1835   957
1678 10007  1822
1679  1843  1842
1680  1842  1841
1681  1841  1845
1682  1845  1844
1683  1844  1800
1684  1844  1846
1685  1846  9508
1686  1793  1796
1687  1796  1792
1688  1841  1794
1689  1794  1793
1690  1794  1797
1691  1797  1804
1692  1800  1801
1693  1801  1808
1694  1808  1807
1695  1807  1847
1696  1797  1798
1697  1798  1799
1698  1799  1803
1699  1803  1802
1700  1804  1805
1701  1802  1805
1702  1805  1806
1703  1799  1800
1704  9472  9473
1705  1845  1801
1706  9471  9472
1707  1802  1801
1708  1809  1792
1709  1796  1795
1710  1792  1791
1711  1809  1791
1712  1791  1790
1713  1790  1773
1714  1806  1770
1715  1847  1767
1716  1770  1767
1717  1773  1775
1718  1775  1770
1719  1774  1773
1720  1776  1773
1721  1776  1774
1722  1774  1772
1723  1776  1777
1724  1777  1778
1725  1788  1790
1726  1779  1778
1727  1827  1830
1728  1851  1772
1729  1776  1851
1730  1777  1852
1731  1780  1852
1732  1852  1779
1733  1772  1771
1734  1767  1768
1735  1768  1769
1736  1769  1771
1737  1768  1765
1738  1767  1766
1739  1766  1765
1740  1766  1763
1742  1780  1783
1744  1780  1853
1745  1853  1781
1746  1853  1782
1747  1781  1782
1748  1765  1764
1749  1765  1769
1750  1827  1523
1751  1829  1523
1752  1830  1523
1753  1832  1565
1754  1819  1571
1755  1814   766
1756  1845   773
1757  1846  2986
1760  1763  9470
1761  9471  1763
1762  1844   779
1763  1854  1780
1764  1854  9509
1889  2040  1990
1890  1985  1986
1891  1990  1994
1892  1991  1990
1893  2039  2040
1894  2035  2039
1895  1991  2039
1898  2022  1991
1899  2024  2022
1900  2023  2022
1901  2024  2023
1902  2025  2023
1903  2024  2035
1904  2037  2024
1905  2028  2037
1906  2027  2028
1907  2029  2027
1908  2030  2029
1909  2016  2030
1910  2020  2030
1911  2026  2025
1912  2026  2020
1913  2021  2020
1914  2001  2021
1915  2031  2016
1916  2014  2016
1917  2013  2014
1918  2015  2014
1919  2012  2013
1920  2011  2013
1921  2004  2011
1922  2002  2003
1923  2003  2004
1924  2006  2004
1925  1999  2012
1926  1998  1999
1927  2000  1999
1928  2009  1998
1929  2002  2009
1930  1995  2000
1931  1996  1998
1932  1986  1996
1933  2034  2035
1934  1989  1990
1935  2001  1991
1936  1995  1994
1937  1985  1987
1938  1988  1987
1939  1995  1992
1940  1993  1992
1941  1994  1993
1942  1988  1989
1943  2008  2009
1944  2007  2002
1945  2005  2004
1946  2010  2005
1947  2011  2010
1948  2012  2010
1949  2032  2029
1950  2027  2026
1951  2025  2037
1952  2036  2035
1953  2040  2033
1954  2000  2001
1955  2021  2025
1957  2019  2020
1958  2018  2019
1959  2017  2018
1960  2018  2016
1961  2034  2485
1964  3323  2037
1965  1985  1984
1966  1984  2509
1967   804  2509
1968  1989  2486
1970  1990  2486
1971  2003  1213
1972  2006  1284
1977  1997   804
1978  2008  1207
1979  2032  3314
1980  3323  3324
1982  2034  9476
2148  2444 10002
2149  2393  2396
2150  2539  2541
2151  2398  2397
2152  2397  2542
2153  2539  2392
2154  2537  2401
2155  2401  2540
2156  2392  2403
2157  2392  2400
2158  2400  2409
2159  2399  2398
2160  2399  2421
2161  2403  2404
2162  2408  2407
2163  2403  2413
2164  2413  2438
2165  2439  2438
2166  2438  2440
2167  2440  2418
2168  2456  2455
2169  2454  2453
2170  2452  2450
2171  2450  2449
2172  2449  2447
2173  2442  2443
2174  2449  2543
2175  2453  2543
2176  2446  2471
2177  2447  2448
2178  2418  2444
2179  2444  2432
2180  2411  2530
2181  2421  2422
2182  2411  2422
2183  2425  2423
2184  2423  2424
2185  2407  2410
2186  2406  2410
2187  2543  2443
2188  2544  2545
2189  2412  2420
2190  2419  2563
2191  2414  2415
2192  2415  2561
2193  2416  2562
2194  2531  2538
2195  2531  2532
2196  2532  2533
2197  2538  2533
2198  2533  2560
2199  2394  2395
2200  2396  2542
2201  2537  2392
2202  2542  2539
2203  2409  2541
2204  2541  2408
2205  2393  2394
2206  2400  2404
2207  2404  2405
2208  2405  2406
2209  2413  2414
2210  2417  2419
2211  2402  2439
2212  2440  2441
2213  2535  2455
2214  2452  2451
2215  2451  3806
2216  2418 10001
2217  2446  2447
2218  2448  2543
2219  2412  2432
2220  2410  2412
2221  2410  2411
2222  2425  2422
2223  2544  2402
2224  2417  2418
2225  2544  2413
2226  2560  2393
2227  2530  2434
2228  2432  2436
2229  2436  2434
2230  2434  2431
2231  2437  2435
2232  2445  2446
2233  2431  2430
2234  2430  2429
2235  2429  2431
2236  2423  2426
2237  2426  2427
2238  2427  2428
2239  2437  2474
2240  2470  2549
2241  2470  2472
2242  2470  2469
2243  2550  2468
2244  2474  2466
2245  2466  2464
2246  2464  2502
2247  2502  2459
2248  2459  2458
2249  2466  2465
2250  2463  2462
2251  2463  2459
2252  2450  2459
2253  2463  2551
2254  2474  2473
2255  2473  2470
2256  9507  2531
2257  2437  2503
2258  2503  2504
2259  2504  2495
2260  2502  2460
2261  2460  2461
2262  2461  2478
2264  2502  2501
2265  2501  2498
2266  2506  2552
2267  2467  2466
2268  2503  2467
2269  2495  2496
2270  2496  2501
2271  2435  2506
2272  2475  2553
2273  2554  2529
2274  2529  2555
2275  2429  2555
2276  2555  2527
2277  2528  2527
2278  2527  2526
2279  2435  2525
2280  2525  2547
2281  2525  2524
2282  2524  2523
2283  2526  2513
2284  2516  2512
2285  2512  2513
2286  2512  2511
2287  2513  2514
2288  2514  2521
2289  2521  2547
2290  2514  2517
2291  2552  2505
2292  2505  2491
2293  2491  2490
2294  2526  2547
2295  2522  2556
2296  2556  2523
2297  2556  2520
2298  2520  2519
2299  2519  2518
2300  2518  2517
2301  2518  2491
2302  2520  2552
2303  2511  2515
2304  2515  2510
2305  2495  2494
2306  2494  2492
2307  2492  2493
2308  2493  2499
2309  2498  2500
2310  2500  2497
2311  2479  2480
2312  2480  2481
2313  2491  2492
2314  2476  2479
2315  2479  2558
2316  2498  2478
2317  2477  2478
2318  2499  2488
2319  2490  2486
2320  2561  2416
2321  2486  2487
2322  2487  2488
2323  2482  2483
2324  2487  2489
2325  2489  2490
2326  2033  2487
2327  2483  2485
2328  2488  2483
2329  2563  2420
2330  2490  2493
2331  2479  2564
2332  2484  2483
2333  2507  1989
2334  2510  2509
2335  2476  2478
2336  2511  1984
2337  2508  2517
2338  2508  2514
2339  1987  2508
2340  2564  2484
2341  2482  9476
2342  2481  2482
2343  2522  2521
2344  2499  2558
2345  2558  2497
2346  2464  2551
2347  2551  2465
2348  2474  2467
2349  2469  2550
2350  2550  2450
2351  2437  2549
2352  2549  2471
2353  2447  2475
2354  2470  2471
2355  2435  2554
2356  2554  2434
2357  2437  2553
2358  2553  2436
2359  2428  2431
2361  2562  2417
2362  2434  2425
2363  4158  9511
2364  9508   785
2365  2507  2517
2367  2452  3806
2369  2535  3661
2370  3660  2535
2371  3337  3336
2372  2917 10004
2374  2979  2540
2375  2395   783
2377  2538  2981
2378  2532   785
2380  2401  3336
2381   795  2428
2383  2516   796
2384  2511   801
2385   955  2515
2389  2460  3767
2390  2458  3805
2633 10018  2970
2634  9960  2869
2635  9523  3018
2636  9523  2870
2637  9525  2968
2638  9524  9525
2639  2905  2930
2640  2930  2928
2641  2928  2931
2642  2928  2927
2643  2925  2927
2644  2925  2926
2645 10004  2918
2646  2918  2544
2647  2918  2922
2648  2922  2919
2649  2919 10018
2650  2919  2545
2651  2923 10004
2652  2923  2914
2653  2914  2915
2654  2915  2917
2655  2914  2913
2656  2913  2908
2657  2908  2907
2658  2907  2906
2659  3015  3014
2660  3018  3023
2661  2856  3023
2662  2870  2868
2663  2868  2864
2664  2864  2863
2665  2863  2862
2666  3018  3024
2667  3024  3025
2668  3025  3026
2669  3027  3026
2670  3027  3028
2671  3028  2858
2672  2858  2857
2673  2857  2860
2674  2860  2859
2675  2870  9960
2676  2970  2983
2677  2983  2982
2678  2982  2980
2679  2980  2981
2680  2981  2986
2681  2986  2987
2682  2987  2988
2683  2988  2990
2684  2990  2992
2685  2992  2993
2686  2993  2994
2688  2990  2991
2690  2995  2996
2691  2996  2997
2692  2997  2998
2693  2998  3000
2694  3000  3001
2695  3001  3002
2696  3002  2964
2697  2964  2963
2698  3003  3007
2699  3007  3008
2700  3009  3008
2701  3009  3012
2702  3012  3013
2703  3012  3016
2704  3016  2963
2705  2963  2962
2706  2962  2960
2707  2960  2958
2708  2958  2957
2709  2957  2953
2710  2953  2880
2711  2880  2881
2712  2881  2882
2713  2882  2899
2714  2899  2898
2715  9524  9523
2716  3013  3014
2717  3019  2967
2718  2967  9525
2719  2967  2966
2720  3019  2969
2721  2966  2869
2722  2969  3018
2723  2857  2864
2724  2968  3014
2725  3013  2968
2726  2864  2866
2727  2869  2871
2728  2871  2874
2729  2874  2875
2730  2875  2877
2731  2877  2878
2732  2878  2879
2733  2879  2880
2734  2966  2962
2735  2969  3020
2736  3020  3021
2737  3021  3022
2738  2858  2861
2739  2865  2863
2740  2871  2872
2741  2872  2867
2742  2874  2873
2743  2875  2891
2744  2891  2892
2745  2892  2893
2746  2893  2895
2747  2895  2896
2748  2893  2894
2749  2891  2890
2750  2890  2884
2751  2883  2885
2752  2875  2876
2753  2876  2959
2754  2959  2958
2755  2876  2957
2756  2965  2964
2757  3000  2999
2758  2974  2976
2759  2974  2973
2760  2920  2971
2761  2972  2920
2762  2972  2978
2763  2975  2972
2764  2972  2973
2765  3012  2968
2766  2985  2970
2767  2985  2984
2768  2980  3336
2769  2979  3337
2770  2920  2921
2771  2929  2930
2772  2925  2940
2773  2940  2939
2774  2924  2925
2775  2924  2913
2776  2929  2908
2777  2907  2909
2778  2909  2910
2780  2910  2911
2781  2910  2913
2782  2916  2915
2783  2905  2904
2784  2904  2903
2785  2903  2949
2786  2949  2882
2787  2903  2900
2788  2900  2899
2789  2900  2901
2790  2901  2902
2791  2901  2904
2792  2904  2931
2793  2931  2932
2794  2903  2933
2795  2933  2935
2796  2933  2934
2797  2935  2936
2798  2936  2937
2799  2937  2935
2800  2937  2938
2801  2938  2941
2802  2941  2942
2803  2942  2943
2804  2943  2944
2805  2975  2977
2806  2944  2950
2807  2950  9964
2808  2951  2948
2809  2921  2922
2812  2947  2882
2814  2951  2952
2815  2952  2953
2816  2953  2879
2817  2952  2954
2818  2954  2955
2819  9964  2956
2820  2956  9962
2821  2883  2881
2822  2881  2884
2824  2889  2882
2825  2897  2882
2826  2889  2887
2827  2887  2886
2828  2886  2888
2829  2989  2988
2830  3013  3011
2831  3011  3010
2832  3009  3010
2833  3006  3008
2836  9470  3003
2837  3006  3007
2838  3012  3011
2839  3017  3016
2840  2961  2966
2841  2961  2960
2842  9507  2981
2843  2939  2937
2845  3000  1767
2846  1767  3003
2849  2860  2854
2850  2862  2855
2853  2905  4022
2854  2402  2917
2855  2537  2981
2856  2854  2853
2857  4062  4063
3048  3089  3088
3049  3088  3087
3050  3091  3092
3051  3094  3095
3052  3095  3096
3053  3096  3097
3054  3086  3087
3055  3107  3106
3056  3106  3104
3057  3104  3105
3058  3105  3098
3059  3103  2853
3061  3103  3102
3062  3104  3102
3063  3097  3111
3064  3111  2855
3065  3097  3112
3066  3112  3111
3067  2855  3109
3068  3091  3113
3069  3113  3087
3070  3090  3113
3071  3092  3093
3072  3093  3094
3073  3094  3110
3074  3110  3098
3075  3100  3099
3076  3099  2859
3077  3109  3112
3078  3098  2853
3079  3101  2857
3080  3085  4165
3084  3100  2852
3151  3324  3325
3152  3325  3265
3153  3265  3264
3154  3264  3263
3155  3263  3267
3156  3267  3328
3157  3328  3329
3158  3267  3327
3159  3331  3303
3160  3301  3300
3161  3303  3304
3162  3303  3302
3163  3302  3301
3164  3285  3300
3165  3300  3293
3166  3295  3293
3167  3295  3294
3168  3296  3294
3169  3297  3296
3170  3304  3309
3171  3294  3290
3172  3290  3288
3173  3288  3286
3174  3286  3287
3175  3287  3276
3176  3276  3280
3177  3280  3277
3178  3277  3332
3179  3276  3275
3180  3265  3323
3181  3275  3273
3182  3304  3311
3183  3311  3312
3184  3285  3282
3185  3329  3282
3186  3267  3270
3187  3331  3327
3188  3282  3281
3189  3281  3279
3190  3279  3332
3191  3332  3269
3192  3269  3272
3193  3306  3307
3194  3307  3319
3195  3319  3318
3196  3318  3317
3197  3310  3319
3198  3310  3297
3199  3323  3322
3200  3322  3321
3201  3321  3320
3202  3320  3312
3203  3325  3326
3204  3326  3266
3205  3266  3265
3207  3330  3331
3208  3330  3285
3209  3267  3268
3210  3268  3271
3211  3270  3268
3212  3271  3272
3213  3301  3299
3214  3299  3298
3215  3298  3333
3216  3309  3308
3217  3308  3306
3218  3316  3317
3219  3305  3311
3220  3313  3305
3221  3313  3334
3222  3334  3315
3223  3334  3314
3224  3307  3310
3225  3308  3297
3226  3297  3333
3227  3273  3274
3228  3290  3291
3229  3289  3288
3230  3285  3335
3231  3335  3284
3232  3283  3284
3233  3290  3292
3234  3292  3335
3235  3283  3280
3236  3277  3278
3237  3333  3296
3238  3309  3333
3239  3306  3304
3240  3306  3305
3241  2035  3324
3249  2031  3338
3250  3312  2037
3251  3338  3317
3254  3722  3278
3257  3274  3721
3260  3263  3724
3396  3810  3731
3398  3676  3674
3399  3674  3675
3400  3685  3686
3401  3686  3689
3402  3689  3787
3403  3787  3691
3404  3691  3696
3405  3696  3698
3406  3698  3700
3407  3700  3699
3408  3699  3702
3409  3702  3704
3410  3704  3709
3411  3709  3710
3412  3710  3711
3413  3711  3712
3414  3712  3714
3416  3735  3811
3417  3753  3810
3418  3731  3725
3419  3727  3761
3420  3753  3754
3421  3754  3759
3422  3759  3758
3423  3758  3749
3424  3749  3748
3425  3748  3742
3426  3742  3743
3427  3761  3730
3428  3730  3757
3429  3757  3759
3430  3758  3771
3431  3758  3760
3432  3771  3776
3433  3760  3768
3434  3740  9999
3435  3761  3763
3436  3763  3762
3437  3742  3745
3438  3745  3700
3439  3776  3774
3440  3774  3779
3441  3773  3772
3442  3772  3742
3443  3774  3775
3444  3775  3794
3445  3794  3793
3446  3793  3792
3447  3792  3789
3448  3805  3806
3449  3806  3663
3450  3663  3800
3451  3800  3797
3452  3797  3796
3453  3796  3793
3454  3805  3801
3456  3777  3775
3457  3671  3652
3458  3666  3668
3459  3668  3669
3460  3669  3665
3461  3665  3657
3462  3657  3655
3463  3655 10003
3465  3655  3656
3467  3689  3690
3468  3773  3779
3469  3695  3694
3470  3694  3693
3471  3693  3685
3472  3695  3696
3473  3698  3699
3474 10003  3662
3475 10003  3800
3476  4468  3699
3477  3810  3737
3478  3811  3737
3479  3731  3811
3480  3727  3813
3481  3728  3729
3482  3729  3755
3483  3725  3755
3484  3755  3754
3485  3755  3756
3486  3756  3759
3487  3729  3730
3488  3763  3764
3490  3765  3730
3491  3765  3757
3492  3762  3760
3493  3757  3760
3494  3737  3752
3495  3752  3751
3496  3751  3750
3498  3750  3749
3500  3748  3747
3501  3747  3746
3502  3737  3747
3503  3746  3743
3504  3743  3744
3505  3744  3745
3507  3776  3651
3508  3803  3801
3509  3801  3804
3510  3804  3799
3511  3799  3800
3512  3799  3798
3513  3799  3777
3514  3798  3797
3515  3797  3775
3516  3796  9965
3517  3795  3794
3518  3742  3782
3519  3782  3745
3520  3782  3783
3521  3782  3781
3522  3781  3780
3523  3780  3783
3524  3780  3778
3525  3778  3779
3526  3783  3701
3527  3701  3700
3529  3783  3784
3530  3784  3698
3533  3662  3660
3536  3658  3656
3537  3656  3657
3538  3653  3652
3539  4178  3661
3540  4178  3662
3541  3813  3728
3542  3802  3803
3543  3766  3762
3544  3726  3809
3545  3809  3813
3546  3724  3809
3547  3724  3725
3548  3812  3708
3549  3707  3708
3550  3706  3708
3551  3703  3699
3552  3741  3703
3553  3741  3743
3554  3697  3698
3555  3683  3674
3557  3678  3677
3558  3786  3787
3559  3785  3786
3560  3654  3656
3561  3664  3656
3562  3673  3668
3563  3673  3653
3564  3667  3666
3565  3672  3671
3566  3670  3671
3567  3675  3671
3568  3682  3676
3569  3679  3676
3570  3688  3683
3571  3684  3679
3572  3681  3682
3573  3687  3686
3574  3688  3686
3576  3791  3789
3579  3674  3791
3580  3684  3688
3583  3722  3721
3584  3722  3272
3585  3731  3272
3586  3720  3735
3587  3715  3716
3588  3716  3720
3589  3719  3720
3590  3718  3719
3591  3713  3714
3592  3713  3716
3593  3717  3719
3594  3734  3735
3595  3733  3721
3596  3733  3734
3597  3732  3733
3598  3723  3725
3599  3723  3270
3600  3767  3768
3601  3769  3767
3602  3740  3741
3603  3738  3740
3604  3738  3720
3605  3739  3738
3606  3739  3702
3607  3705  3812
3608  3736  3735
3609  3736  3738
3610  3736  3746
3611  3692  3691
3612  3692  3784
3613  3790  3789
3614  3788  3692
3615  3788  3790
3616  3654  3998
3618  3672  3992
3619  2460  9475
3621  4178  2453
3624  3807  2458
3625  3762  2461
3627  3727  2481
3629  3264  3726
3630  3263  3723
3632  3725  3271
3633  3273  3718
3635  3713  4463
3638  3710  4465
3641  3694  4500
3642  3685  4388
3644  4390  3677
3646  3681  3988
3651  3654  2911
3652  3769  9475
3653  3802  9475
3654  3652  3666
3655  3653  3789
3656  2911  9474
3657  3786  3788
3658  3651  3777
3659  3812  3709
3810  4011  4010
3811  4009  4010
3812  4009  4007
3813  4007  4006
3814  4008  4006
3816  4014  4062
3817  4059  4057
3818  4058  4057
3819  4057  4056
3820  4062  4060
3822  4060  4056
3823  4056  4038
3824  4050  4038
3825  4038  4042
3826  4047  4042
3827  4049  4048
3828  4040  4041
3829  4027  4026
3830  4029  4028
3831  4026  4028
3832  4016  4026
3833  4030  4031
3834  4066  4032
3835  4028  4031
3836  4031  4032
3837  4032  4046
3838  4046  4045
3839  4045  4044
3840  4043  4044
3841  4044  4067
3842  4067  4069
3843  4070  4069
3844  4069  4068
3845  4022  4023
3846  4023  4072
3847  4072  4075
3848  4075  3997
3849  3997  3996
3850  4043  4073
3851  4073  4000
3852  4000  3995
3853  3995  3994
3854  3998  3997
3857  3990  3988
3858  3681  3987
3859  3987  3986
3860  3986  4076
3861  4076  3982
3862  3983  4076
3863  3985  3983
3864  4080  3978
3865  3978  3981
3866  3981  3983
3867  3977  3978
3868  3977  4055
3869  4055  4054
3870  4054  4052
3871  4052  4053
3872  4053  4050
3873  4051  4050
3874  3982  3680
3875  4037  4038
3877  4074  4073
3878  4064  4062
3880  4065  4062
3881  4058  4036
3882  4035  4036
3883  4032  4077
3884  4034  4077
3885  4005  4006
3888  4077  4033
3889  4033  4035
3890  4018  4017
3891  4068  4019
3892  4020  4022
3893  4019  4020
3894  4020  4021
3895  4072  4071
3896  3994  3996
3897  3996  3993
3898  3998  3999
3899  3667  3993
3900  3993  4001
3901  4071  4078
3902  4078  3997
3903  3991  3992
3905  4043  4079
3906  4079  4048
3907  4079  4042
3908  4041  4042
3909  4041  4043
3910  4039  4040
3911  4036  4037
3912  4036  4040
3913  4080  3979
3914  3979  3980
3915  4002  4003
3916  4002  4081
3917  3980  4081
3918  4081  3985
3919  4080  3981
3920  4024  4082
3921  4082  3982
3922  4076  4082
3926  4017  2886
3928  2866  4016
3930  4019  2898
3932  4004  3111
3933  4158  4005
3934  4022  2906
3936  4003  4719
4089  4162  4160
4090  4160  4161
4092  4160  4158
4096  4157  4011
4097  4156  4011
4098  4156  4155
4099  4156  4153
4101  4168  4163
4102  4163  4167
4103  4169  4168
4104  4153  4152
4106  4148  4149
4108  4149  4175
4109  4175  4151
4110  4175  4150
4111  4163  4176
4112  4176  4177
4113  4177  4166
4114  4177  4165
4118  4144  4145
4119  4145  4146
4120  4146  4147
4123  4159  4158
4124  4144  4142
4126  4168  4142
4130  4161  4169
4131  4169  4148
4137  4153  4169
4138  4143  4148
4139  3094  4167
4140  4162  3097
4225  4388  4387
4226  4747  4390
4227  4388  4503
4228  4503  4501
4229  4501  4499
4230  4499  4498
4231  4498  4470
4232  4470  4496
4233  4496  4489
4234  4489  4505
4235  4505  4506
4236  4506  4397
4237  4397  4396
4238  4394  4392
4239  4753  4754
4240  4397  4398
4241  4398  4399
4242  4399  4401
4243  4401  4400
4244  4400  4478
4245  4478  4477
4246  4477  4479
4247  9997  4463
4249  4443  4445
4250  4445  4447
4251  4447  4475
4252  4475  4458
4253  4458  4459
4254  4459  4464
4255  4464  3712
4257  4463  4462
4260  4465  4466
4261  4471  4470
4262  4470  4469
4263  4469  4468
4264  4400  4404
4265  4404  4403
4266  4403  4415
4267  4415  4416
4269  4449  4448
4270  4448  4444
4271  4416  4417
4275  4419  4422
4276  4422  4420
4277  4420  4423
4278  4423  4426
4279  4426  4431
4280  4431  4437
4281  4437  4436
4282  4436  4454
4283  4454  4455
4284  4455  4462
4286  4420  4430
4287  4430  4438
4288  4438  4439
4290  4751  4406
4291  4406  4410
4292  4410  4409
4293  4410  4411
4294  4407  4406
4295  4406  4408
4296  4401  4408
4297  4389  4393
4298  4413  4412
4299  4449  4451
4300  4451  4452
4301  4449  4450
4302  4450  4418
4303  4505  4502
4304  4502  4501
4305  4504  4388
4306  4391  4769
4308  4499  4500
4309  4498  4497
4310  4492  4491
4311  4493  4492
4312  4492  4495
4313  4493  4494
4314  4489  4483
4317  4436  4433
4318  4433  4435
4319  4435  4434
4320  4435  4440
4321  4440  4441
4323  4442  4443
4324  4423  4429
4325  4429  4428
4326  4429  4425
4327  4425  4427
4328  4427  4430
4329  4434  4427
4332  4436  4453
4333  4453  4456
4334  4456  4457
4335  4457  4458
4336  4459  4460
4337  4460  4461
4338  4461  4462
4339  4455  3717
4340  4458  4473
4341  4473  4472
4342  4472  4471
4343  4468  4467
4344  4466  4508
4345  4508  4471
4346  4508  4467
4347  4485  4388
4348  4396  4394
4349  4509  4390
4351  4507  4484
4352  4507  4482
4353  4480  4482
4354  4480  4400
4356  4486  4487
4357  4488  4486
4358  4488  4483
4359  4487  4476
4360  4476  4447
4361  4479  4405
4362  4487  4477
4363  4405  4404
4364  4447  4446
4365  4475  4474
4366  4474  4433
4368  4387  4509
4369  4509  4389
4370  4455  4510
4371  4490  4483
4372  4491  4483
4374  4417  4956
4376  4415  4955
4378  4413  4955
4383  4387  3684
4575  4082  4746
4576  4758  4757
4577  4757  4713
4578  4711  4709
4579  4709  4710
4581  4756  4713
4582  4713  4711
4583  4711  4806
4584  4806  4712
4585  4806  4760
4586  4760  4761
4587  4760  4759
4588  4759  4716
4589  4716  4714
4590  4715  4759
4591  4761  4775
4592  4775  4774
4593  4775  9970
4594  9970  4777
4595  4777  4778
4596  4716  4717
4597  4761  4763
4598  9520  4762
4599  4761  9520
4600  4774  4780
4601  4780  4784
4602  4784  4788
4603  4788  4789
4604  4789  4791
4605  4785  4784
4607  4785  4780
4609  4787  4784
4610  4790  4791
4611  4781  4780
4612  4784  4786
4613  4786  4792
4614  4792  4793
4615  4774  4794
4616  4794  4799
4617  4798  4799
4618  4799  4801
4619  4801  4802
4620  4801  4800
4621  4800  4796
4622  4796  4795
4623  4795  4761
4624  4774  4797
4625  4797  4795
4626  4800  4803
4628  4773  4719
4629  9520  4764
4630  4719  4771
4631  4771  4720
4632  4720  4770
4633  4770  4723
4634  4723  4721
4636  4722  4719
4637  4720  4024
4639  4082  4728
4640  4728  4768
4641  4768  4729
4643  4746  4726
4644  4723  4726
4645  4727  4726
4646  4739  4727
4648  4729  4742
4649  4742  4741
4650  4741  4740
4651  4740  4739
4652  4768  4748
4653  4748  4769
4654  4729  4733
4655  4733  4743
4656  4743  4730
4657  4743  4731
4658  4731  4733
4659  4731  4734
4660  4734  4735
4661  4735  4732
4662  4732  4731
4663  4732  4729
4664  4735  4736
4665  4730  4734
4666  4736  4753
4667  4753  4749
4668  4749  4807
4669  4807  4750
4670  4750  4751
4671  4749  4754
4672  4730  4737
4673  4730  4738
4674  4764  4738
4675  4764  4765
4676  4765  4766
4677  4765  4767
4678  4767  4745
4679  4765  4737
4682  4755  4744
4683  4796  4755
4684  4754  4803
4685  4754  4752
4686  4752  4807
4687  4752  4808
4688  4808  4804
4691  4751  4810
4692  4810  4805
4693  4808  4810
4694  4778  4779
4700  4728  4393
4702  4736  4511
4703  4511  4392
4705  4804  4888
5027  4892  4893
5028  9971  4928
5029  4940  5003
5030  5003  4928
5031  4910  4926
5032  4926  9971
5033  4928  4930
5034  4930  4924
5035  4927  4924
5036  4928  4935
5037  4931  4925
5038  4924  4925
5039  4924  4983
5040  4925  4964
5041  4931  4933
5042  4933  4934
5043  4933  4932
5044  4964  4973
5045  4934  4967
5046  4967  4954
5047  4973  4971
5048  4948  4949
5049  4949  4953
5050  4954  4950
5051  4953  4950
5052  4950  4952
5053  4966  4962
5054  4962  4963
5055  4952  4960
5056  4963  4961
5057  4961  5005
5058  5015  5013
5059  5013  5008
5060  4910  4912
5061  4912  4911
5062  4913  4911
5063  4911  4914
5064  4914  4916
5065  4927  4923
5066  4983  4981
5067  4987  4989
5068  4989  4990
5069  4990  5001
5070  5001  4999
5071  4995  5002
5072  4894  4899
5073  4893  4896
5074  4898  4897
5075  4896  4897
5076  4938  4935
5077  4938  4929
5078  4937  4936
5079  4944  4941
5080  4944  4945
5081  5004  5003
5082  4900  5004
5083  4898  4900
5084  4901  4902
5085  4903  4902
5086  4902  4908
5087  4908  4907
5088  4905  4907
5089  4906  4905
5090  4905  4904
5091  4908  4912
5092  4909  4910
5093  4915  4914
5095  4969  4950
5096  4955  4952
5097  4966  4965
5098  4954  4965
5099  4972  4971
5100  4925  4974
5101  4979  4981
5102  4960  4959
5103  4960  4957
5104  4957  4956
5105  4956  4958
5106  4958  5010
5107  5010  5007
5108  5011  5010
5109  5015  5014
5110  4916  4917
5111  4983  4982
5112  4922  4921
5113  4921  4920
5115  4986  4987
5116  4992  4994
5117  4994  4993
5118  4979  4996
5119  4996  4989
5120  4977  4997
5121  4977  4978
5122  4996  4998
5123  4990  4991
5124  4890  5016
5125  5016  4891
5126  4888  4889
5127  4889  5016
5128  4946  4948
5129  4946  4944
5130  4898  4940
5131  4901  5017
5132  5017  4900
5133  4909  5017
5134  4922  4923
5135  4981  4988
5136  4988  4987
5137  4989  4991
5138  4991  4994
5139  4998  4999
5140  4999  5000
5141  4959  4961
5142  4958  4961
5143  4894  4895
5144  4893  4895
5145  4970  4962
5146  4971  4970
5147  5001  9972
5149  4921  4985
5150  4985  4986
5152  4964  4975
5153  4975  4976
5154  4975  4977
5155  4979  4975
5156  5007  5008
5158  5006  5008
5159  5005  5008
5160  4950  9522
5161  4951  4966
5162  4951  4952
5163  4939  4938
5164  4939  4898
5165  4916  4918
5166  4918  4922
5167  4943  4942
5168  4942  4896
5169  4942  4941
5170  4942  4929
5171  4991  4995
5172  4947  4946
5173  4939  4940
5174  4888  5018
5175  4891  5018
5176  5018  5019
5177  5019  5020
5178  5020  4944
5179  4943  5020
5180  4936  5021
5181  5021  5022
5182  4929  5022
5183  5022  4931
5184  5021  4941
5185  4935  5023
5186  5023  4931
5187  4929  5023
5188  4951  4954
5190  4976  5025
5191  4891  4892
5193  4805  4888
5194  5331  4890
5195  4411  4947
5196  4951  9522
5197  4926  4927
5198  4416  4960
5200  4419  5015
5203  5002  5719
5205  4414  4955
5206  4410  5019
5207  4918  5638
5208  5611  4915
5243  4782  5302
5244  5302  5303
5245  5303  5305
5246  5305  5308
5247  5307  5310
5248  5315  5317
5249  5317  5319
5250  5319  5321
5251  5321  5322
5252  5311  5314
5253  5314  5312
5255  5331  5333
5256  5333  5334
5257  5334  5335
5258  5335  5344
5259  5344  5338
5260  5325  5326
5261  5329  5327
5262  5327  5330
5263  5338  5343
5265  5339  5338
5266  5306  5305
5267  5304  5303
5268  5314  5315
5269  5318  5317
5270  5320  5319
5271  5323  5325
5272  5323  5324
5273  5329  5328
5274  5330  5331
5275  5344  5336
5276  5336  5337
5277  5326  5329
5278  5310  5323
5279  5339  5329
5280  5301  4782
5281  5307  5311
5283  5310  5345
5284  5345  5315
5285  5345  5325
5286  5341  5342
5287  5345  5341
5289  5338  5340
5290  5309  5346
5291  5308  5346
5292  5346  5307
5294  4782  4791
5295  4913  5343
5296  5342  5949
5298  5335  4903
5300  5340  5950
5402  9503  9975
5403  9974  5713
5404  5974  9973
5405  9502  9503
5406  9503  5714
5407  9477  5343
5408  9477  5581
5409  5581  5615
5410  5615  5614
5411  5614  5611
5412  5611  5613
5413  5613  5612
5414  5611  5705
5415  5705  5612
5416  5705  5610
5417  5581  5598
5418  5598  5706
5419  5706  5582
5420  5706  5707
5421  5707  5599
5422  5599  5602
5423  5602  5583
5424  5602  5601
5425  5601  5708
5426  5708  5603
5427  5603  5596
5428  5596  5585
5429  5585  5584
5430  5596  5597
5431  5585  5586
5432  5586  5587
5433  5603  5606
5434  5605  5606
5435  5605  5607
5436  5707  5600
5437  5600  5711
5438  5610  5710
5439  5710  5608
5440  5710  5637
5441  5710  5609
5442  5637  5709
5443  5709  5636
5444  5604  5708
5445  5604  5607
5446  5636  5635
5447  5635  5633
5448  5634  5635
5449  5711  5709
5450  5711  5607
5451  5606  5632
5452  5633  5632
5453  5632  5631
5454  5633  5625
5455  5632  5630
5456  5630  5625
5457  5625  5628
5458  5628  5685
5459  5685  5619
5460  5619  5620
5461  5620  5618
5462  5629  5628
5463  5631  5629
5464  5589  5588
5465  5588  5590
5466  5590  5591
5467  5591  5593
5468  5592  5712
5469  5624  5623
5470  5623  5622
5471  5616  9974
5472  5593  5712
5473  5593  5713
5474  5713  9502
5475  5618  5714
5476  5714  5715
5477  5715  5721
5478  5595  5721
5479  5595  5594
5480  5622  5621
5481  5621  5619
5482  5685  5686
5483  5625  5626
5484  5626  5684
5485  5684  5682
5486  5682  5681
5487  5681  5680
5488  5680  5679
5489  5626  5627
5490  5627  5683
5491  5684  5683
5492  5637  5638
5493  5609  5638
5494  5680  5676
5495  5676  5674
5496  5675  5674
5497  5704  5671
5498  5671  5675
5499  5664  5671
5500  5674  5687
5501  5670  5664
5502  5665  5664
5503  5637  5667
5504  5667  5636
5505  5667  5666
5506  5663  5670
5507  5663  5660
5508  5660  5659
5509  5716  5663
5510  5666  5716
5511  5668  5716
5512  5660  5661
5513  5665  5662
5514  5661  5662
5515  5654  5662
5516  5659  5656
5517  5640  5656
5518  5578  5639
5519  5640  5639
5520  5659  5658
5521  9512  5978
5522  5657  5656
5523  5655  5654
5524  5653  5654
5525  5652  5653
5526  5651  5652
5527  5652  5717
5528  5650  5648
5529  5647  5649
5530  5647  5645
5531  5645  5646
5532  5644  5645
5533  5644  5651
5534  5647  5648
5538  5691  5690
5539  5691  5699
5542  5677  5678
5544  5687  5693
5545  5688  5693
5546  5697  5715
5547  5697  5702
5548  5702  5703
5549  5697  5696
5550  5620  5695
5551  5696  5695
5552  5695  5694
5553  9513  5957
5554  5701  5698
5555  5697  5698
5556  5698  5699
5557  5698  5700
5558  5694  5693
5559  5672  5671
5560  5673  5675
5561  5668  5669
5562  5644  5643
5563  5718  5643
5564  5641  5718
5565  5642  5641
5566  5642  5719
5567  5719  5641
5568  9500  5986
5569  5639  5718
5571  5594  5990
5572  5712  9500
5573  5589  5976
5574  5592  9512
5575  5579  5580
5576  5584  5973
5577  5586  5976
5578  5582  5579
5579  5581  5580
5580  5980  9514
5581  9515  5662
5795  5942  6029
5796  5942  5941
5797  5941  5940
5798  5940  5937
5799  5941  5943
5800  5937  5938
5801  5938  5936
5802  5936  5935
5803  5935  5934
5804  5943  5944
5805  5944  5945
5806  5945  5991
5807  5991  5992
5808  5992  5995
5809  5995  5996
5810  5996  5997
5811  5997  6008
5812  6008  6022
5813  5937  5953
5814  5953  5948
5815  5950  5970
5816  5970  5969
5817  5969  5975
5818  5975  5964
5819  5964  5963
5820  5963  5961
5821  5961  5962
5822  5962  5977
5823  5977  5979
5824  5950  5580
5825  5979  6018
5826  6018  6016
5827  6016  6015
5828  6015  6014
5829  6014  6021
5830  6025  6026
5831  6026  6027
5832  6027  6028
5833  6028  6029
5834  6025  6023
5835  5952  5955
5836  5955  5956
5837  5956  5957
5838  5957  5980
5839  5980  5982
5840  5982  5979
5841  5984  5986
5843  6019  6020
5844  6020  5990
5845  6019  6015
5846  6014  6009
5847  6009  6006
5848  6006  6007
5849  5979  5984
5850  5938  5939
5851  6038  6037
5852  6036  6038
5853  6036  6034
5854  6034  6030
5855  6030  6033
5856  6034  6033
5858  6034  6035
5859  6030  6029
5860  5945  5946
5861  5946  5947
5862  6000  6001
5863  6001  5999
5864  5994  5993
5865  5993  5992
5866  6001  6002
5867  6002  6003
5868  6004  6003
5869  6003  6005
5870  6005  6006
5871  6008  6007
5872  6016  6017
5873  6009  6010
5874  6010  6011
5875  6011  6012
5876  6012  6013
5877  5982  5981
5878  5986  5983
5879  5983  5978
5880  5978  5962
5882  5960  5961
5883  5960  5959
5884  5963  5966
5885  5966  5965
5886  5966  5967
5887  5958  5959
5888  5970  5971
5889  5969  5972
5890  5969  5968
5892  5998  5997
5893  5974  5976
5896  5964  5974
5897  5984  5985
5898  5985  5988
5899  5988  5987
5900  5988  5989
5904  5952  5948
5905  5948  6039
5906  6039  5949
5907  5951  6039
5908  5954  5955
5909  6031  6032
5911  6033  6040
5912  6031  6040
5913  5943  6038
5915  5950  5949
5916  5959  5955
5917  5958  5957
5919  6029  6368
5920  6040  6651
5922  6032  6305
5923  6037  6305
5924  5947  6383
5925  6309  9978
5926  6021  6418
5927  5990  6445
5928  5583  5972
5931  5934  5322
5932  6023  6647
5933  6028  6715
6128  6304  9479
6129  6304  6345
6130  6305  6441
6131  6441  6442
6132  6442  6443
6133  6443  6306
6134  6306  6313
6135  6779  6335
6136  6335  6334
6137  6334  6332
6138  6332  6330
6139  6330  6331
6140  6331  6304
6141  6345  6344
6142  6345  6346
6143  6346  6367
6144  6367  6352
6145  6352  6358
6146  6360  6359
6147  6359  6358
6148  6359  6363
6149  6363  6361
6150  6361  6362
6151  6361  6364
6152  6365  9977
6153  6371  7338
6154  6371  6372
6155  6372  6373
6156  6364  9977
6157  6365  6355
6158  6355  6343
6159  6343  6349
6160  6349  6344
6161  6343  9979
6162  6340  6339
6163  6339  6327
6164  6327  6325
6165  6325  6314
6166  6314  6317
6167  6317  6312
6168  6313  6312
6169  6312  6311
6170  6311  6309
6171  6309  6308
6172  6308  6305
6173  6312  6382
6174  6382  6380
6175  6382  6383
6176  6383  6384
6177  6380  6379
6178  6379  6385
6179  6385  6378
6180  6378  6377
6181  6377  6376
6182  6376  6375
6183  6384  6387
6184  6387  6391
6185  6376  6389
6186  6389  6388
6187  6388  6435
6188  6435  6436
6189  6388  6390
6190  6390  6396
6192  6396  6395
6193  6395  6397
6194  6397  6393
6195  6392  6397
6196  6391  6392
6197  6392  6393
6198  6393  6394
6199  6394  6397
6200  6395  6394
6201  6393  6416
6202  6416  6417
6203  6417  6418
6204  6394  6414
6205  6414  6413
6206  6413  6412
6207  6396  6402
6208  9976  6408
6209  6408  6446
6210  6422  6421
6211  6421  6420
6212  6421  6434
6213  6437  6436
6214  6431  6433
6215  6433  6432
6216  6431  6430
6217  6430  6432
6218  9976  6402
6219  6429  6421
6223  6420  6427
6224  6423  6422
6226  6446  6422
6227  6408  6409
6228  6409  6410
6229  6412  6445
6230  6412  6411
6232  6402  6401
6233  6401  6400
6234  6400  6394
6235  6414  6415
6236  6402  6403
6237  6403  6404
6238  6404  6405
6239  6405  6406
6240  6421  6424
6241  6425  6424
6242  6398  6397
6243  6385  6386
6244  6379  6381
6245  6323  6324
6246  6375  6374
6247  6374  6373
6248  6370  6372
6249  6364  6369
6250  6323  6320
6251  6321  6320
6252  6320  6315
6253  6319  6312
6254  6317  6341
6255  6341  6315
6256  6314  6315
6257  6326  6327
6258  6322  6325
6259  6325  6329
6260  6341  6318
6261  9979  6340
6262  6329  6330
6263  6330  6337
6264  6337  6336
6265  6336  6344
6266  6337  6338
6267  6338  6340
6268  6443  6444
6269  6444  6447
6270  6366  6365
6271  6356  6357
6272  6357  6354
6273  6357  6355
6274  6350  6351
6275  6351  6352
6276  6347  6346
6277  6347  6348
6278  6348  6349
6279  6353  6343
6280  9979  6342
6281  6317  6316
6282  6333  6335
6283  6308  6307
6284  6310  6309
6285  6339  6338
6286  9501  5721
6287  9504  5715
6288  6440  7341
6289  9498  9499
6290  9498  5990
6291  6439  7490
6292  6437  6438
6293  7470  6437
6295  6433  7522
6296  9494  9496
6297  9495  9496
6298  6022  6387
6299  9496  9497
6300  9493  6419
6301  6358  6786
6302  9493  9494
6303  9493  5990
6304  6332  6333
6305  6447  6311
6506  7497  7501
6507  7381  7497
6508  7388  7385
6509  7388  7389
6510  6641  6709
6511  6705  6709
6512  6705  6641
6513  6641  6642
6514  6642  6640
6515  6640  6639
6516  6641  6638
6517  6643  6638
6518  6638  6639
6521  6709  6710
6522  6710  6643
6523  6710  6647
6524  6643  6647
6526  6705  6644
6527  6644  6646
6528  6646  6649
6529  6644  6663
6530  6663  6662
6531  6662  6664
6532  6664  6639
6533  6646  6645
6534  6649  6716
6535  6716  6368
6536  6368  6715
6537  6716  6715
6539  6649  6652
6540  6652  6650
6541  6650  6651
6542  6652  6717
6543  6331  6336
6544  6032  6653
6545  6653  6654
6546  6655  6658
6547  6654  6655
6548  6655  6656
6549  6706  6656
6550  6658  6657
6551  6657  6707
6552  6706  6707
6553  6659  6649
6554  6707  6718
6555  6718  6670
6556  6718  6671
6557  6718  6719
6558  6719  6673
6560  6673  6720
6561  6720  6674
6562  6855  6856
6563  6849  6851
6564  6850  6851
6565  6854  6855
6566  6853  6854
6567  6837  6836
6570  6725  6667
6571  6666  6725
6573  6667  6674
6575  6674  6669
6576  6669  6668
6577  6719  6668
6578  6669  6677
6579  6659  6729
6580  6729  6706
6581  6729  6728
6582  6728  6725
6583  6728  6665
6584  6665  6666
6585  6666  6660
6586  6660  6661
6587  6664  6661
6588  6712  6661
6589  6660  6711
6590  6711  6713
6591  6713  6712
6592  6713  6714
6593  6714  6730
6594  6730  6713
6595  6730  6659
6596  6646  6712
6597  6649  6731
6598  6731  6646
6599  6714  6731
6600  6677  6704
6601  6704  6691
6602  6704  6703
6603  6667  6675
6604  6675  6676
6605  6676  6678
6606  6678  6677
6607  6675  6679
6608  6679  6683
6609  6683  6682
6610  6683  6681
6611  6681  6680
6612  6691  6690
6613  6690  6687
6614  6687  6692
6615  6690  6689
6616  6692  6693
6617  6687  6685
6618  6685  6686
6619  6685  6684
6620  6692  6694
6621  6694  6688
6622  6688  6696
6627  6694  6695
6628  6700  6701
6630  6701  6702
6631  6702  6852
6632  6703  6850
6633  6668  6849
6635  6700  6859
6889  6864  6863
6890  6864  6873
6891  6863  6862
6892  6862  6838
6893  6838  6840
6894  6841  6840
6895  6859  6858
6896  6858  6857
6897  6857  6840
6898  6873  6872
6899  6872  6874
6900  6874  6875
6901  6872  6871
6902  6871  6867
6903  6871  6869
6904  6869  6870
6905  6869  6833
6906  6868  6869
6907  6865  6866
6908  6861  6860
6909  6860  6838
6910  6842  6841
6911  6843  6840
6912  6845  6844
6913  6841  6844
6914  6874  6876
6915  6838  6866
6916  6866  6833
6917  6833  6832
6918  6833  6834
6919  6832  6831
6920  6832  6830
6921  6830  6828
6922  6877  6828
6923  6877  6878
6924  6878  6880
6925  6828  6825
6926  6825  6822
6927  6822  6821
6928  6880  6882
6929  6882  6881
6930  6878  6879
6931  6825  6824
6932  6824  6823
6933  6822  6823
6934  6829  6825
6935  6834  6835
6936  6835  6811
6937  6811  6810
6938  6821  6813
6939  6813  6819
6940  6819  6827
6941  6887  6827
6946  6810  6809
6947  6809  6815
6948  6814  6815
6949  6815  6816
6950  6816  6813
6951  6813  6818
6952  6817  6813
6953  6809  6805
6954  6805  6807
6955  6807  6806
6956  6812  6810
6957  6808  6805
6958  6807  6803
6959  6804  6885
6960  6803  6801
6962  6786  6787
6963  6787  6884
6964  6306  6779
6965  6793  9996
6966  6792  6793
6967  6793  6791
6968  6779  6780
6969  6780  6794
6970  6796  6794
6971  6797  6796
6972  6794  6795
6973  6796  6798
6974  6798  6799
6975  6799  6800
6976  6801  6800
6977  6801  6802
6978  6800  6783
6979  6783  6345
6980  6785  6346
6981  6784  6367
6982  6782  6345
6983  6781  9479
6984  6782  6783
6985  6790  6789
6986  6789  6786
6987  6788  6787
6988  6883  6884
6991  6881  9389
6994  6658  6792
7074  7412  9987
7075  9982  9983
7076  9981  9982
7077  7414  7482
7078  7482  7479
7079  7414  7413
7080  7410  7412
7081  7411  7416
7082  7416  7412
7083  7412  7413
7084  7413  7415
7085  7414  7415
7086  9987  7415
7087  7410  7411
7088  7411  7393
7089  7394  7393
7090  7394  7395
7091  9980  7423
7092  7400  7428
7093  7409  7400
7094  7400  7395
7095  7428  7426
7096  7426  7425
7097  7425  7424
7098  7424  7423
7099  7419  7420
7100  7419  9986
7101  7420  7421
7102  7420  7433
7103  7423  7433
7104  7417  7427
7105  7427  7422
7106  7422  9980
7107  7422  7426
7108  7427  7428
7109  7417  7418
7110  7417  7394
7111  7416  7417
7112  7418  7419
7113  9985  7455
7114  7455  7446
7115  7434  7433
7116  7435  7433
7117  7435  7436
7118  7440  7439
7119  7439  7518
7120  7455  7437
7121  7437  7441
7122  7437  7436
7123  7438  7437
7124  7438  7439
7125  7436  7443
7126  7436  7442
7127  7424  7429
7128  7430  7431
7129  7431  7432
7130  7455  7454
7131  7454  7453
7132  7446  7445
7133  7446  7444
7134  7444  7448
7135  7448  7449
7136  7451  7453
7137  9981  7410
7138  7482  7415
7139  9981  7519
7140  7414  7519
7141  7429  7520
7142  7520  7430
7143  9985  7518
7144  9986  7415
7145  7349  7506
7146  7349  7356
7147  7497  7496
7148  7496  7495
7149  7507  7347
7150  7490  6371
7151  7338  7514
7152  7506  7383
7153  7383  7500
7154  7356  7382
7155  7500  7499
7156  7499  7497
7157  7495  7377
7158  7377  7387
7159  7387  7388
7160  7514  7517
7161  7347  7348
7162  7349  7350
7163  7355  7352
7164  7352  7354
7165  7354  7360
7166  7517  7515
7167  7367  7368
7168  7368  7369
7169  7360  7361
7170  7367  7361
7171  7361  7365
7172  7365  7362
7173  7365  7366
7174  7369  7370
7175  7370  7371
7176  7379  7371
7177  7379  7378
7178  7371  7372
7179  7515  7345
7180  7345  7507
7181  7342  7341
7182  7341  7343
7183  7341  7340
7184  7340  7339
7185  7345  7344
7186  7515  7516
7187  7507  7509
7188  7509  7508
7189  7508  7510
7190  7510  7511
7191  7511  7512
7192  7512  7513
7193  7513  7514
7194  7510  7501
7195  7501  7498
7196  7498  7504
7197  7504  7505
7198  7498  7502
7199  7502  7494
7200  7494  7503
7201  7494  7519
7202  7519  7493
7203  7493  7492
7204  7492  7491
7205  7380  7381
7206  7380  7382
7207  7380  7379
7208  9988  7483
7209  7362  7363
7210  7359  7364
7211  7362  7359
7212  7364  7363
7213  7364  7358
7214  7358  7357
7215  7357  7354
7216  7410  7388
7218  7375  7374
7219  7372  7374
7220  7374  7373
7221  7378  7376
7222  7376  7384
7223  7384  7385
7224  7392  7391
7225  7386  7390
7226  7395  7396
7227  7392  7389
7228  7390  7373
7229  7385  7386
7230  7373  7406
7231  7406  7405
7232  7406  7402
7233  7402  7403
7234  7403  7407
7235  7407  7408
7236  7399  7408
7237  7518  7415
7239  7399  7400
7240  7399  7398
7241  7398  7397
7242  7397  7401
7243  7373  7401
7244  7391  7394
7245  7392  7393
7246  7348  7349
7247  7382  7381
7248  7492  7490
7249  7388  7381
7250  7377  7376
7251  7356  7355
7252  7355  7367
7253  7352  7350
7254  7376  7375
7255  7368  7379
7256  9990  7479
7257  7479  9989
7258  9989  7478
7259  7478  7477
7260  7477  7476
7261  7476  7475
7262  7475  7473
7263  7473  7472
7264  7470  7471
7265  9990  7456
7266  7456  7462
7267  7462  7463
7268  7465  7466
7269  7467  7470
7270  7469  7463
7271  7462  7461
7272  7451  7456
7273  7465  7464
7274  7464  7459
7275  7459  7458
7276  7468  7458
7277  7459  7460
7278  7460  7451
7279  7458  7457
7280  7457  7450
7281  7451  7450
7283  7450  7448
7284  7463  7464
7285  7466  7463
7286  7473  7474
7287  7474  7475
7288  7466  7522
7289  7467  7522
7290  7523  7522
7291  7522  7465
7292  7523  7467
7293  7489  7488
7294  7488  7484
7295  7488  7472
7296  7484  7485
7297  7480  7478
7298  7480  7481
7299  7487  7486
7300  7485  7480
7301  7481  7483
7302  7485  7486
7303  7486  7483
7304  7483  7482
7305  7389  7524
7306  7524  7385
7307  7524  7391
7308  7391  7390
7309  7373  7525
7310  7525  7404
7311  7525  7359
7312  7526  7350
7313  7526  7351
7314  7526  7353
7315  7409  8196
7319  7449  7447
7323  7523  6434
7324  7472  6437
7326  7338  6361
7327  7339  6360
7328  7342  6884
7329  7342  9487
7330  7347  7337
7331  7350  9488
7332  7337  7336
7333  7336  9487
7337  7346  9487
7527  7946  7949
7528  7949  7947
7529  7947  7930
7530  7934  7933
7531  7933  7931
7532  7931  7930
7533  7934  7935
7534  7935  7936
7535  7936  7938
7536  7938  7925
7537  7925  7940
7538  7940  7941
7539  7930  7929
7540  7929  7952
7541  9387  9388
7542  9387  7968
7543  7966  7968
7544  7965  7966
7545  7965  7955
7546  7955  7954
7547  7953  7952
7548  7971  7972
7549  7972  7905
7550  7905  7903
7551  7903  7883
7552  7883  7830
7553  7830  7832
7554  7832  7834
7555  7834  7867
7556  7867  7835
7557  7835  7848
7558  7806  7811
7559  7811  7812
7560  7812  7816
7561  7816  7824
7562  7824  7823
7563  7823  7837
7564  7837  7348
7565  7348  9488
7566  7836  7835
7567  9994  7851
7568  7851  7853
7569  7853  7855
7570  7855  7856
7571  7856  7857
7572  7869  7872
7573  7869  7868
7574  7872  7874
7575  7874  7875
7576  7875  7860
7577  7860  7853
7578  7948  7949
7579  7950  7951
7580  7951  7930
7581  7963  7961
7582  7962  7961
7583  7961  7960
7584  7960  7957
7585  7959  7958
7586  7958  7957
7587  7957  7956
7588  7956  7955
7589  7964  7965
7590  7847  9518
7591  9519  7808
7593  7966  7967
7594  7967  7969
7595  7970  7971
7596  7971  7974
7597  7969  7970
7598  9994  7848
7600  7874  9992
7601  9993  7875
7602  7946  7945
7603  7945  7944
7604  7944  7943
7605  7943  7934
7606  7937  7938
7607  7939  7940
7608  7933  7932
7609  7923  7924
7610  7924  7925
7611  7942  7941
7612  7923  7922
7613  7922  7921
7614  7926  7922
7615  7926  7927
7616  7927  7928
7617  7929  7928
7618  7928  7919
7619  7919  7918
7620  7918  7917
7621  7917  7912
7622  7912  7911
7623  7921  7920
7624  7920  7910
7625  7910  7909
7626  7912  7908
7627  7908  7907
7628  7914  7915
7629  7915  7913
7630  7913  7907
7631  7919  7916
7632  7916  7915
7633  7907  7906
7634  7952  7804
7635  7804  7971
7636  7804  7901
7637  7901  7900
7638  7901  7902
7639  7900  7897
7640  7897  7896
7641  7896  7895
7642  7895  7899
7643  7898  7899
7644  7899  7890
7645  7890  7891
7646  7889  7890
7647  7888  7889
7648  7906  7888
7649  7888  7887
7650  7891  7893
7651  7892  7894
7652  7893  7894
7653  7893  7885
7654  7885  7884
7655  7884  7869
7656  7870  7871
7657  7871  7872
7658  7880  7894
7659  7895  7880
7660  7903  7904
7661  7883  7882
7662  7882  7881
7663  7881  7880
7664  7880  7878
7665  7883  7879
7666  7879  7878
7667  7878  7877
7668  7877  7876
7669  7876  9993
7670  7867  7866
7671  7866  7865
7672  7865  7864
7673  7863  7864
7674  7864  7861
7675  7861  7862
7676  7861  7860
7677  7859  7802
7678  7862  7853
7679  7855  7854
7680  7848  7849
7681  9994  7852
7682  9995  7851
7683  7849  7850
7684  7836  7847
7685  7805  9489
7686  7833  7836
7687  7831  7833
7688  7831  7832
7689  7822  7823
7690  7829  7826
7691  7826  7827
7692  7827  7828
7693  7828  7830
7694  7826  7825
7695  7825  7831
7696  7825  7822
7697  7821  7819
7698  7819  7822
7699  7820  7821
7700  7820  7817
7701  7817  7818
7702  7818  7822
7703  7817  7815
7704  7814  7815
7705  7815  7816
7706  7810  7811
7707  7809  7810
7708  7807  7809
7709  7807  7806
7710  7808  7807
7711  7802  8903
7712  7971  7973
7713  7973  7975
7714  7975  7976
7715  7975  7978
7716  7978  7977
7717  7976  7977
7718  7838  7837
7719  7838  7337
7720  7336  7846
7721  7839  7846
7722  7839  7838
7723  7824  7840
7724  7840  7839
7725  7845  9487
7726  7844  7342
7727  7843  7844
7728  7843  7845
7729  7841  7840
7730  7841  7843
7731  7842  7841
7732  7812  7841
7733  9389  9388
7734  7954  7805
7735  7805  7953
7736  9388  9480
7737  7976  7903
7738  7977  7979
7739  7979  7883
7740  7811  7803
7741  7803  7814
7742  7814  7817
7743  7813  7803
7744  7858  7855
7745  7872  7873
7746  6885  7843
7747  6887  7806
7748  7979  9517
7749  7836  9488
7751  8903  7857
7755  7909  8950
7759  7910  8954
7760  6883  7843
8027  8196  8197
8028  8197  8212
8029  8212  8208
8030  8208  8207
8031  8207  8209
8032  8204  8205
8033  8205  8206
8034  8206  8207
8035  8206  8294
8036  8294  8293
8037  8293  8292
8038  8292  8281
8039  8281  8285
8040  8285  8284
8041  8284  8290
8042  8290  8288
8043  8288  8289
8044  8289  8299
8045  8299  8301
8046  8301  8300
8047  8290  8291
8049  8289  8303
8050  8303  8307
8051  8307  8309
8052  8309  8265
8053  8309  8308
8054  8288  8287
8055  8287  8286
8056  8286  8269
8057  8203  8204
8058  8203  8202
8059  8202  8201
8060  8201  8208
8061  8200  8199
8062  8199  8208
8063  8198  8201
8064  8201  8199
8065  8197  8198
8066  8208  8210
8067  8210  8211
8068  8211  8213
8069  8213  8214
8070  8200  8205
8071  8199  8206
8072  8209  8233
8073  8233  8232
8074  8232  8231
8075  8233  8231
8076  8231  8226
8077  8208  8235
8078  8208  8234
8079  8234  8235
8080  8235  8232
8081  8214  8229
8082  8229  8228
8083  8228  8227
8084  8227  8230
8085  8230  8313
8086  8313  8226
8087  8226  8247
8088  8247  8239
8089  8239  8241
8090  8241  8244
8091  8244  8256
8092  8256  8254
8093  8254  8255
8094  8262  8255
8095  8262  8260
8096  8254  8253
8097  8253  8251
8098  8251  8252
8099  8276  8275
8100  8275  8273
8101  8273  8274
8102  8274  8252
8103  8295  8281
8104  8281  8277
8105  8277  8276
8106  8296  8295
8107  8234  8228
8108  8215  8214
8109  8227  8223
8110  8231  8249
8111  8249  8250
8112  8249  8248
8113  8248  8247
8114  8225  8313
8115  8215  8216
8116  8216  8217
8117  8217  8218
8118  8218  8219
8119  8219  8220
8120  8221  8220
8121  8220  8222
8122  8223  8222
8123  8222  8236
8124  8222  8224
8125  8238  8239
8126  8237  8238
8127  8239  8240
8128  8242  8310
8129  8245  8244
8130  8246  8245
8131  8239  8246
8132  8244  8243
8133  8310  8243
8134  8291  8288
8135  8284  8283
8136  8283  8282
8137  8282  8279
8138  8279  8278
8139  8278  8272
8140  8272  8270
8141  8270  8269
8142  8271  8270
8143  8273  8271
8144  8285  8280
8145  8277  8314
8146  8280  8314
8147  8314  8276
8148  8314  8315
8149  8315  8272
8150  8315  8271
8151  8307  8306
8152  8303  8304
8153  8304  8305
8154  8305  8306
8155  8265  8264
8156  8264  8263
8157  8269  8263
8158  8270  8268
8159  8269  8268
8160  8268  8267
8161  8267  8266
8162  8266  8255
8163  8263  8262
8164  8258  8259
8165  8259  8260
8167  8253  8257
8168  8257  8256
8169  8311  8312
8170  8207  8316
8171  8209  8316
8172  8316  8292
8173  8301  8302
8174  8226  8317
8175  8224  8317
8176  8317  8237
8177  8236  8317
8178  8297  8298
8179  8242  8240
8180  8250  8251
8181  8242  8241
8182  8387  8386
8183  8291  8598
8184  9490  8387
8185  8260  9251
8186  8312  9228
8188  8374  8236
8189  8215  7430
8191  8204  8405
8192  8311  8406
8194  8290  8298
8195  8310  8383
8196  8387  8388
8197  8386  9225
8198  8386  8406
8199  8406  8407
8200  8407  8385
8201  7856  9521
8331  8380  8400
8332  8375  8400
8333  8375  8374
8337  8375  8376
8339  8377  8401
8340  8401  8378
8341  8380  8379
8342  8379  8378
8343  8401  8242
8344  9491  8374
8345  8383  8382
8346  8379  8381
8347  8382  8381
8348  8381  8393
8349  8393  8402
8350  8402  8392
8351  8402  8395
8352  8395  8394
8353  8394  8391
8354  8393  8391
8355  8390  8391
8356  8390  8389
8357  8389  8384
8358  8384  8408
8359  8384  8385
8361  8389  8388
8362  9491  8376
8366  8396  8394
8367  8396  8397
8368  8397  8399
8369  8399  8398
8370  8399  8388
8371  8402  8403
8372  8394  8404
8373  8388  9225
8445  8546  8622
8446  8622  8615
8447  8615  8617
8448  8563  8620
8449  8620  8570
8450  8574  8570
8451  8570  8571
8452  8571  8572
8453  8572  8573
8454  8564  8563
8455  8565  8564
8456  8569  8568
8457  8573  8575
8458  8575  8577
8459  8577  8579
8460  8579  8576
8461  8589  8576
8462  8589  8588
8463  8613  8588
8464  8586  8580
8465  8588  8594
8466  8598  8599
8467  8548  8549
8468  8549  8617
8469  8617  8616
8470  8616  8612
8471  8616  8554
8472  8554  8566
8473  8566  8565
8474  8566  8618
8475  8618  8619
8476  8568  8567
8477  8567  8619
8478  8619  8604
8479  8612  8621
8480  8567  8613
8481  8604  8603
8482  8603  8296
8483  8621  8405
8484  8548  7403
8485  8576  8608
8486  8608  8624
8487  8624  8586
8488  8594  8623
8489  8593  8623
8490  8623  8596
8491  8596  8298
8492  8565  8614
8493  8614  8618
8494  8611  8612
8495  8611  8610
8497  8609  8405
8498  8553  8622
8499  8551  8615
8500  8550  8549
8501  8622  8552
8502  8552  8555
8503  8555  8556
8504  8556  8557
8505  8557  8558
8506  8559  8558
8507  8562  8620
8508  8570  8569
8509  8558  8554
8510  8561  8563
8511  8560  8559
8512  8578  8579
8513  8607  8606
8514  8621  8607
8515  8606  8605
8516  8618  8606
8517  8602  8593
8518  8602  8600
8519  8586  8587
8520  8586  8625
8521  8625  8584
8522  8625  8583
8523  8584  8585
8524  8588  8590
8526  8590  8592
8527  8591  8592
8528  8592  8595
8529  8581  8582
8530  8580  8581
8531  8597  8598
8532  8613  8601
8533  8601  8594
8534  8601  8602
8535  8600  8297
8537  8595  8291
8540  9072  8624
8541  9049  8575
8542  8918  8574
8543  8916  8562
8627  8967  8968
8628  8968  8966
8629  8965  8966
8630  8966  8962
8631  8958  8957
8632  8962  8961
8633  8961  8960
8634  8960  8959
8635  8957  8956
8636  8970  8961
8637  8963  8961
8638  8969  8970
8639  8975  8974
8640  8976  8974
8641  8974  8973
8642  8973  8971
8643  8977  8978
8644  8982  8981
8645  8981  8980
8646  8980  8979
8647  8979  8978
8648  8978  8971
8649  8971  8993
8650  8993  8972
8651  8972  8959
8652  8959  8955
8653  8955  8956
8654  8955  9006
8655  9006  9007
8656  9007  8951
8657  8951  8949
8658  8949  8936
8659  8936  8935
8660  8935  8934
8661  8934  8927
8662  8927  8933
8663  8933  8926
8664  8926  8925
8665  8925  8928
8666  8928  8930
8667  8930  8929
8668  8929  8932
8669  8932  9038
8670  9038  9039
8671  9039  9044
8672  9026  9033
8673  9033  9032
8674  9032  9031
8675  9031  9042
8676  9042  9043
8677  9047  9046
8678  9046  8918
8679  8917  8916
8680  9044  8917
8681  8906  8908
8682  8908  8909
8683  8909  8914
8684  8924  8903
8685  8943  8940
8686  8940  8939
8687  8939  8942
8688  8942  8941
8689  8941  8929
8690  9007  9003
8691  9003  9008
8692  9008  8945
8693  8945  8944
8694  8944  8943
8695  9000  9002
8696  9002  8945
8697  9022  9023
8698  9023  9026
8699  8999  9000
8700  8999  8989
8701  8989  8988
8702  8988  9009
8703  9009  9022
8704  9010  9009
8705  9010  9105
8706  9107  9106
8707  9106  9098
8708  9098  9097
8709  9097  9095
8710  9105  9095
8711  9098  9099
8712  9099  9100
8713  9095  9093
8714  9093  9094
8715  9094  9084
8716  9084  9085
8717  9085  9083
8718  9083  9082
8719  9082  9078
8720  9078  9064
8721  9064  9063
8722  9063  9062
8723  9062  9071
8724  9071  9072
8726  8979  8983
8727  8984  8983
8728  8983  8985
8729  8985  8986
8730  8986  8987
8731  9012  8987
8732  9012  9011
8733  9011  9010
8734  8987  8988
8735  8991  8990
8736  8990  8989
8737  8998  8999
8738  8996  8995
8739  8994  8995
8740  8995  8997
8741  8997  9001
8742  9001  9000
8743  9004  9003
8744  9005  9006
8745  8955  8953
8746  8953  8954
8747  8953  8952
8748  8952  8951
8749  8950  8949
8750  8948  8945
8751  8945  8947
8752  8947  8936
8753  8937  8938
8754  8938  8939
8755  8923  8924
8756  8922  8920
8757  8920  8905
8758  8905  8904
8759  8920  8921
8760  8930  8931
8761  8915  8916
8762  8910  8909
8763  8911  8909
8764  8906  8907
8765  8913  8914
8766  9044  9045
8767  9045  9046
8768  9040  9044
8769  8993  8992
8770  9101  9099
8771  9097  9096
8772  9096  9090
8773  9009  9104
8774  9104  9022
8775  9102  9109
8776  9109  9095
8777  9109  9103
8778  9103  9093
8779  9090  9089
8780  9089  9108
8781  9092  9091
8782  9091  9084
8783  9087  9081
8784  9081  9079
8787  9079  9078
8789  9456  9068
8790  9063  9065
8792  9066  9456
8793  9069  9070
8794  9070  9071
8795  9070  9068
8796  9013  9014
8797  9014  8946
8798  8946  8944
8799  8940  9019
8800  9019  9018
8801  9014  9016
8802  9015  9017
8803  9017  9018
8804  9018  9020
8805  9024  9025
8806  9025  9030
8807  9028  9030
8808  9030  9029
8809  9027  9029
8810  9029  9031
8811  9019  9021
8812  8941  9036
8813  9036  9035
8814  9035  9034
8815  9034  9041
8816  9041  9040
8817  9035  9037
8818  9037  9038
8819  9080  9079
8820  9086  9057
8821  9057  9056
8822  9058  9056
8823  9060  9061
8824  9061  9062
8825  9056  9052
8826  9059  9052
8827  9043  9051
8828  9051  9052
8829  9052  9053
8830  9053  9055
8831  9050  9049
8832  9055  9054
8833  8972  8994
8834  8928  8922
8835  8921  8919
8836  8919  8917
8837  8917  8918
8838  9042  9047
8839  9110  9042
8840  9089  9111
8841  9111  9088
8842  9111  9087
8843  7941  8956
8844  8926  7869
8845  7868  8924
8847  7857  8906
8848  8914  8546
8853  7886  8934
8854  7857  8904
8855  8912  8560
8862  9054  8624
8865  8964  8958
8867  7887  8935
9125  9279  9272
9126  9272  9280
9127  9280  9285
9128  9266  9287
9129  9287  9265
9130  9245  9239
9131  9239  9251
9132  9230  9227
9133  9236  9235
9134  9285  9266
9135  9245  9249
9136  9249  9250
9137  9250  9255
9138  9275  9276
9139  9277  9275
9140  9277  9278
9141  9275  9274
9142  9272  9271
9143  9270  9269
9144  9268  9267
9145  9269  9268
9146  9259  9258
9148  9244  9241
9150  9233  9234
9151  9268  9263
9152  9280  9281
9153  9267  9266
9154  9264  9265
9155  9255  9261
9156  9250  9256
9157  9257  9258
9158  9260  9259
9159  9260  9257
9160  9247  9248
9161  9249  9247
9162  8261  9239
9163  9228  9239
9164  9273  9269
9165  9262  9260
9166  9245  9244
9167  9252  9253
9168  9239  9240
9171  9283  9284
9172  9234  9232
9173  9261  9256
9174  9231  9233
9175  9225  9230
9176  9230  9229
9177  9276  9279
9178  9254  9250
9179  9253  9254
9180  9254  9246
9181  9245  9248
9182  9231  9232
9184  9281  9290
9186  9290  9288
9187  9290  9283
9189  9229  9231
9190  9252  9251
9191  9246  9239
9193  9255  9254
9194  9262  9263
9195  9263  9259
9196  9263  9264
9197  9227  9236
9198  9225  9226
9199  9287  9286
9200  9236  9237
9201  9227  9228
9202  9274  9273
9203  9271  9270
9204  9281  9289
9205  9240  9241
9206  9280  9400
9207  9272  9492
9210  9255  8265
9212  9278  9393
9213  9278  9394
9214  9228  9225
9299  9468  9467
9300  9467  9466
9301  9466  9465
9302  9465  9464
9303  9464  9460
9304  9460  9459
9305  9459  9399
9306  9399  9492
9307  9393  9398
9308  9398  9460
9309  9460  9461
9310  9461  9463
9311  9394  9396
9313  9400  9403
9314  9403  9406
9315  9394  9395
9316  9391  9402
9318  9400  9401
9319  9406  9407
9320  9407  9415
9321  9408  9419
9322  9419  9417
9323  9408  9418
9324  9415  9414
9325  9415  9416
9326  9425  9426
9327  9426  9427
9328  9427  9430
9329  9427  9438
9330  9438  9440
9331  9440  9454
9332  9430  9432
9333  9432  9433
9334  9433  9437
9335  9437  9436
9336  9436  9409
9337  9409  9410
9338  9410  9411
9339  9411  9412
9340  9434  9431
9341  9431  9433
9342  9436  9435
9343  9438  9453
9344  9452  9451
9345  9453  9452
9346  9452  9450
9347  9442  9455
9348  9455  9456
9349  9442  9443
9350  9443  9444
9351  9442  9445
9352  9445  9446
9353  9446  9447
9354  9447  9088
9355  9447  9458
9356  9446  9448
9357  9448  9452
9358  9448  9449
9359  9421  9420
9360  9420  9424
9361  9426  9424
9362  9428  9427
9363  9440  9441
9364  9396  9393
9365  9406  9413
9366  9438  9439
9367  9439  9443
9368  9430  9429
9369  9421  9419
9370  9421  9422
9371  9408  9423
9372  9405  9404
9373  9404  9403
9374  9400  9391
9375  9492  9991
9376  9461  9462
9377  9395  9465
9378  9407  9408
9379  9425  9417
9381  9408  9469
9384  9454  9386
9385  8599  9468
9386  9394  8300
9387  9393  9279
10354  9928  4014
10391  9870  6643
10392  6851  6853
10393  6846  6853
10395  6853  6852
10405  3005  9470
10407  6668  6848
10408  6846  6844
10409  6846  6847
10410  6838  6837
10411  6839  6837
10412  9478  6859
10413  7967  9481
10414  9481  9482
10415  9480  9483
10416  9484  9483
10417  9485  9387
10418  9486  9387
10419  8260  9252
10420  9048  8571
10421  9391  9492
10422  5989  9500
10423  5989  9498
10424  9498  5594
10425  9505  2424
10426  2883  9510
10427  3792  9516
10428  9517  7883
10430  7521  7430
10431  9526  9535
10432  9534  9535
10433  9535  9530
10434  9530  9537
10435  9530  9532
10436  9532  9531
10437  9532  9529
10438  9529  9527
10439  9527  9528
10440  9539  9540
10441  9540  9541
10442  9537  9533
10443  9536  9537
10444  9544  9545
10445  9545  9536
10446  9536  9543
10447  9547  9526
10448  9548  9549
10449  9549  9544
10450  9551  9554
10451  9554  9553
10452  9556  9555
10453  9556  9557
10454  9557  9559
10455  9559  9560
10456  9560  9561
10457  9561  9563
10458  9563  9564
10459  9570  9571
10460  9569  9570
10461  9567  9569
10462  9568  9567
10463  9572  9566
10464  9565  9572
10465  9567  9572
10466  9561  9562
10467  9552  9556
10468  9558  9565
10469  9553  9574
10470  9574  9573
10471  9574  9555
10472  9557  9575
10473  9575  9565
10474  9575  9558
10475  9576  9572
10476  9550  9551
10477  9551  9552
10478  9527  9552
10479  9538  9568
10480  9540  9568
10481  9591  9592
10482  9592  9601
10483  9591  9590
10484  9590  9579
10485  9582  9603
10486  9603  9581
10487  9581  9602
10488  9581  9600
10489  9600  9599
10490  9599  9595
10491  9595  9596
10492  9599  9598
10493  9595  9597
10494  9597  9593
10495  9597  9594
10496  9593  9612
10497  9611  9593
10498  9601  9581
10499  9579  9582
10500  9582  9583
10501  9583  9584
10502  9584  9585
10503  9587  9615
10504  9578  9615
10505  9615  9580
10506  9580  9579
10507  9577  9578
10508  9586  9580
10509  9590  9589
10510  9588  9587
10511  9596  9614
10512  9616  9610
10513  9602  9616
10514  9600  9616
10515  9609  9610
10516  9610  9608
10517  9608  9607
10518  9607  9606
10519  9606  9613
10520  9606  9605
10521  9605  9604
10522  9617  9618
10523  9620  9621
10524  9621  9622
10525  9624  9623
10526  9617  9627
10527  9618  9619
10528  9619  9620
10529  9617  9625
10530  9624  9617
10531  9608  9624
10532  9613  9626
10533  9656  9653
10534  9656  9652
10535  9652  9681
10536  9654  9681
10537  9653  9654
10538  9689  9657
10539  9657  9658
10540  9658  9659
10541  9659  9660
10542  9652  9651
10543  9651  9650
10544  9660  9664
10545  9664  9665
10546  9665  9667
10547  9667  9666
10548  9666  9670
10549  9670  9673
10550  9673  9677
10551  9681  9640
10552  9640  9645
10553  9645  9641
10554  9641  9639
10555  9639  9630
10556  9639  9637
10557  4142  9635
10558  9635  9630
10559  9630  9631
10560  9631  9632
10561  9632  9655
10562  9655  9654
10563  9673  9675
10564  9670  9672
10565  9672  9671
10566  9671  9666
10567  9646  9652
10568  9650  9688
10569  9688  9660
10570  9673  9687
10571  9687  9686
10572  9667  9685
10573  9685  9686
10574  9685  9684
10575  9665  9684
10576  9662  9661
10577  9661  9688
10578  9649  9683
10579  9683  9648
10580  9648  9650
10581  9682  9646
10582  9682  9647
10583  9647  9683
10584  9637  9638
10585  9603  9955
10586  9684  9663
10587  9663  9664
10588  9630  9629
10589  9635  9634
10590  9637  9636
10591  9645  9644
10592  9633  9634
10593  4143  9636
10594  9628  9629
10595  9644  9643
10596  9643  9682
10597  9677  9678
10598  9687  9674
10599  9686  9669
10600  9684  9668
10601  9675  9676
10602  9641  9642
10603  9656  9689
10604  9675  4157
10605  9654  9691
10606  9692  9629
10607  9544  9628
10608  9543  9631
10609  9542  9632
10610  9546  9655
10611  9569  9694
10612  9694  9691
10613  9694  9693
10614  9697  9698
10615  9698  9696
10616  9698  9699
10617  9699  9701
10618  9701  9702
10619  9702  9705
10620  9705  9706
10621  9706  9707
10622  9707  9708
10623  9708  9709
10624  9699  9700
10625  9700  9714
10626  9713  9712
10627  9713  9711
10628  9711  9719
10629  9719  9720
10630  9720  9721
10631  9718  9717
10632  9717  9716
10633  9717  9727
10634  9727  9726
10635  9726  9728
10636  9716  9725
10637  9716  9723
10638  9723  9722
10639  9723  9729
10640  9729  9745
10641  9727  9730
10642  9730  9724
10643  9724  9722
10644  9718  9737
10645  9741  9740
10646  9734  9733
10647  9733  9732
10648  9732  9731
10649  9731  9728
10650  9737  9736
10651  9736  9735
10652  9735  9738
10653  9738  9739
10654  9735  9732
10655  9702  9703
10656  9704  9705
10657  9745  9746
10658  9715  9748
10659  9719  9748
10660  9748  9718
10661  9715  9718
10662  9739  9733
10663  9737  9741
10664  9749  9741
10665  9749  9743
10666  9742  9737
10667  9743  9744
10668  9740  9750
10669  9750  9734
10670  9571  9695
10671  9654  9697
10672  9689  9713
10673  9564  9707
10674  9751  9755
10675  9753  9755
10676  9755  9754
10677  9757  9758
10678  9756  9754
10679  9751  9752
10680  9757  9774
10681  9774  9775
10682  9806  9807
10683  9775  9795
10684  9797  9798
10685  9798  9796
10686  9760  9761
10687  9761  9771
10688  9772  9771
10689  9761  9762
10690  9761  9767
10691  9767  9781
10692  9780  9781
10693  9781  9779
10694  9762  9766
10695  9766  9768
10696  9768  9778
10697  9766  9765
10698  9764  9765
10699  9812  9956
10700  9765  9762
10701  9763  9765
10702  9768  9769
10703  9778  9777
10704  9782  9777
10705  9811  9813
10706  9813  9812
10707  9815  9816
10708  9815  9821
10709  9821  9820
10710  9777  9820
10711  9813  9814
10712  9814  9819
10713  9816  9818
10714  9816  9817
10715  9779  9776
10716  9776  9783
10717  9784  9782
10718  9788  9787
10719  9787  9785
10720  9789  9791
10721  9790  9791
10722  9791  9785
10723  9785  9784
10724  9793  9792
10725  9794  9793
10726  9792  9824
10727  9799  9824
10728  9824  9800
10729  9801  9829
10730  9810  9808
10731  9815  9812
10732  9772  9758
10733  9825  9757
10734  9820  9822
10735  9782  9779
10736  9791  9793
10737  9773  9772
10738  9825  9804
10739  9804  9806
10740  9804  9826
10741  9804  9805
10742  9802  9803
10743  9803  9775
10744  9805  9802
10745  9786  9815
10746  9775  9776
10747  9771  9770
10748  9585  9806
10749  9806  9808
10750  9810  9604
10751  9604  9809
10752  9709  9751
10753  9751  9746
10754  9747  9760
10755  9831  9829
10756  9829  9830
10757  9836  9833
10758  9833  9842
10759  9842  9854
10760  9839  9842
10761  9856  9851
10762  9851  9844
10763  9859  9856
10764  9830  9837
10765  9862  9863
10766  9849  9861
10767  9845  9849
10768  9865  9859
10769  9839  9867
10770  9832  9838
10771  9837  9839
10772  9857  9835
10773  9838  9840
10774  9830  9838
10775  9852  9845
10776  9846  9957
10777  9846  9867
10778  9859  9860
10779  9866  9843
10780  9828  9827
10781  9849  9847
10782  9834  9842
10783  9855  9854
10784  9855  9835
10785  9867  9866
10786  9842  9841
10787  9858  9835
10788  9835  9853
10789  9854  9869
10790  9869  9866
10791  9869  9852
10792  9866  9844
10793  9853  9850
10794  9850  9845
10795  9850  9844
10796  9845  9848
10797  9844  9862
10798  9860  9845
10799  9861  9862
10800  9863  9864
10801  9626  9828
10802  9798  9827
10803  9800  9827
10804  9794  9837
10805  9867  9777
10806  9811  9839
10807  9863  9870
10808  9901  9900
10809  9900  9893
10810  9893  9894
10811  9894  9916
10812  9916  9892
10813  9892  9893
10814  9887  9891
10815  9891  9889
10816  9889  9890
10817  9900  9890
10818  9887  9917
10819  9890  9898
10820  9891  9888
10821  9888  9898
10822  9917  9888
10823  9898  9899
10824  9886  9887
10825  9885  9917
10826  9878  9918
10827  9918  9877
10828  9877  9892
10829  9886  9892
10830  9918  9879
10831  9919  9877
10832  9877  9876
10833  9879  9881
10834  9881  9874
10835  9874  9920
10836  9920  9919
10837  9881  9873
10838  9873  9880
10839  9880  9884
10840  9884  9885
10841  9884  9883
10842  9885  9883
10843  9873  9872
10844  9872  9874
10845  9873  9903
10846  9903  9884
10847  9903  9921
10848  9883  9921
10849  9905  9872
10850  9904  9924
10851  9899  9896
10852  9888  9882
10853  9882  9896
10854  9883  9882
10855  9876  9875
10856  9875  9919
10857  9913  9911
10858  9913  9914
10859  9908  9907
10860  9905  9871
10861  9921  9906
10862  9911  9912
10863  9911  9910
10864  9915  4710
10865  9916  9895
10866  9896  9897
10867  9886  9885
10868  9878  9886
10869  9905  9903
10870  9903  9902
10871  9902  9904
10872  9922  9902
10873  9902  9908
10874  9907  9923
10875  9923  9915
10876  9904  9923
10877  9924  9913
10878  9904  9914
10880  9925  9928
10882  9941  9940
10883  9939  9940
10885  9933  9932
10886  9932  9936
10887  9932  9931
10888  9936  9935
10889  9935  9934
10890  9934  9938
10891  9935  9929
10892  9929  9930
10893  9929  9942
10894  9950  9949
10895  9949  9948
10896  5312  9948
10897  9944  9945
10898  9944  4758
10899  9951  9944
10900  9847  9950
10901  9846  9946
10902  9945  9822
10903  9879  9958
10904  9901  9744
10905  9890  9741
10906  9897  9750
10907  9897  9734
10908  9940  9895
10909  9942  9875
10910  9942  9920
10911  9928  9678
10912  9931  9871
10913  9638  9952
10914  9944  9762
10915  9754  9825
10916  9700  9953
10917  9953  9710
10918  9953  9701
10919  9746  9747
10920  9759  9747
10921  9747  9823
10922  9610  9617
10923  9568  9569
10924  9541  9654
10927  9959  9925
10928  4026  9959
10929  4015  9959
10930  2865  4015
10931  3020  9961
10932  9961  2967
10933  2958  9962
10934  4060  4061
10935  4062  9933
10936  4017  9963
10937  2948  2947
10938  2947  2946
10939  2946  2945
10940  2942  2945
10941  9964  2951
10942  1851  1778
10943  9965  3795
10944  3790  9966
10945  3791  9966
10946  9966  3808
10947  3808  3674
10948  3682  3680
10949  3680  3677
10950  3988  3989
10951  4025  9910
10952  9910  4719
10953  4722  4721
10954  4727  4728
10955  4737  4744
10956  4805  9967
10957  4394  9968
10958  4511  4395
10959  4398  4402
10960  3710  9969
10961  3707  4466
10962  4483  4481
10963  4481  4400
10964  4483  4507
10965  4968  4954
10966  4417  4421
10967  4421  4418
10968  4418  4419
10969  4449  4416
10970  4479  4444
10971  4443  4444
10972  4444  4439
10973  4442  4440
10974  4433  4432
10975  4432  4431
10976  4745  4744
10977  4776  9970
10978  4783  4785
10979  4895  4898
10981  4981  4980
10982  4980  4984
10983  4992  4985
10984  4920  4919
10985  5687  5688
10986  5688  5689
10987  5688  5692
10988  5692  5691
10989  5676  5677
10990  5679  5678
10991  6396  6399
10992  6429  6430
10994  6429  6428
10995  6428  6426
10996  6426  6427
10997  9984  7519
10998  9988  7414
10999  9235  9232
11000  9241  9242
11001  9242  9243
11002  9256  9257
11003  8581  9386
11004  6820  6813
11005  6826  6827
11006  6888  6887
11007  6887  6886
11008  6688  6697
11009  6697  6698
11010  6698  6700
11011  6698  6699
11013  9870  6638
11014  4464  9997
11015  3773  3770
11016  3770  3772
11018  3651  3768
11019  2560  9506
11020  2540  2545
11021  2995  2991
11022  3801  3777
11023 10003  3663
11024  3659  3660
11025  3659  3658
11026  2926  2918
11027  1265  1243
11028   323 10010
11029 10010   324
11030 10010 10011
11031 10011   283
11032 10013   313
11033 10016   374
11035   361   305
